# unix_time, cycles_done, cur_path, paths_total, pending_total, pending_favs, map_size, unique_crashes, unique_hangs, max_depth, execs_per_sec
1652606145, 0, 0, 2, 2, 2, 0.16%, 0, 0, 1, 2000.00
1652606150, 0, 0, 9, 9, 2, 0.17%, 23, 0, 2, 4225.35
1652606155, 0, 0, 13, 13, 2, 0.17%, 25, 0, 2, 4657.41
1652606160, 0, 1, 18, 17, 5, 0.18%, 35, 0, 2, 3954.15
1652606165, 0, 1, 23, 22, 5, 0.18%, 36, 0, 2, 3942.98
1652606186, 0, 1, 27, 26, 5, 0.18%, 36, 0, 2, 4346.78
1652606196, 0, 1, 28, 27, 5, 0.18%, 36, 0, 2, 4004.00
1652606216, 0, 8, 29, 27, 10, 0.18%, 36, 0, 3, 4122.49
1652606221, 0, 8, 31, 29, 10, 0.18%, 36, 0, 3, 4563.64
1652606226, 0, 8, 33, 31, 10, 0.18%, 37, 0, 3, 4671.45
